;0;0;0.827;0.807;0.741;0.537;0.105;0.818
;1;0;0.234;0.072;0.459;0.406;0.354;0.681
;2;0;0.393;0.642;0.397;0.042;0.836;0.848
;3;0;0.338;0.622;0.887;0.6;0.508;0.504
;4;0;0.713;0.342;0.284;0.348;0.69;0.105
;5;0;0.257;0.238;0.87;0.475;0.594;0.872
;6;0;0.3;0.384;0.784;0.852;0.617;0.738
;7;0;0.265;0.173;0.639;0.253;0.581;0.114
;8;0;0.029;0.249;0.939;0.443;0.016;0.941
;9;0;0.725;0.203;0.831;0.971;0.65;0.101
;0;1;0.031;0.713;0.833;0.28;0.557;0.231
;1;1;0.34;0.082;0.78;0.929;0.934;0.769
;2;1;0.825;0.567;0.488;0.56;0.707;0.261
;3;1;0.442;0.539;0.2;0.563;0.586;0.189
;4;1;0.998;0.864;0.381;0.024;0.456;0.67
;5;1;0.572;0.688;0.373;0.699;0.7;0.562
;6;1;0.05;0.34;0.647;0.036;0.837;0.525
;7;1;0.103;0.427;0.47;0.238;0.825;0.473
;8;1;0.531;0.479;0.889;0.689;0.502;0.469
;9;1;0.441;0.11;0.398;0.27;0.85;0.906
